MEMORY
  total           15040 KB
  struct            159 KB
  buffer            545 KB
  arena           14336 KB, used 0.3%

SIZES
  narena                14680064
  nbuffer               557712
  nplugin               0
  maxuse_stack          7812
  maxuse_arena          50524
  maxuse_con            8
  maxuse_efc            51
  ncon                  4
  ne                    0
  nf                    19
  nl                    0
  nefc                  35
  nJ                    665
  nA                    0
  nisland               1
  nidof                 19
  ntree_awake           1
  nbody_awake           15
  nparent_awake         14
  nv_awake              19
  threadpool            0

TIMER
    0:  duration =  0.065      number = 1
    1:  duration =  0.063      number = 1
    2:  duration =  0          number = 0
    3:  duration =  0.041      number = 1
    4:  duration =  0.0052     number = 1
    5:  duration =  0.00059    number = 1
    6:  duration =  0.012      number = 1
    7:  duration =  0.0018     number = 1
    8:  duration =  0.0052     number = 1
    9:  duration =  0.0019     number = 1
    10:  duration =  0.022      number = 1
    11:  duration =  0.012      number = 1
    12:  duration =  0.00016    number = 1
    13:  duration =  0.0032     number = 1
    14:  duration =  0.004      number = 1

SOLVER STAT
  solver_fwdinv =   0         0       
  ISLAND 0
    solver_niter = 1
    solver_nnz = 361
      0:  improvement =  1.2e-13     gradient =  6.1e-16     lineslope =  0       
          nactive = 35   nchange = 0   neval = 2   nupdate = 0

ENERGY =   0         0       

TIME =  5.1     

QPOS
   0.32    
  -1.1     
  -0.17    
   0.11    
   0.74    
  -0.15    
   0.65    
  -0.37    
   0.18    
  -0.073   
   0.47    
  -0.73    
   0.17    
  -0.5     
  -0.0046  
  -0.036   
   0.71    
  -0.55    
  -0.0021  
  -0.043   

QVEL
   4.2e-05 
   0.00011 
  -4.4e-06 
  -0.00063 
   5.3e-05 
  -0.00031 
   0.00011 
  -0.0005  
   0.00035 
   9.3e-05 
   0.00026 
  -0.00011 
  -7.3e-05 
   0.0013  
  -0.0032  
  -1.1e-05 
  -7.7e-05 
   0.00093 
   0.0004  

QACC_WARMSTART
  -2.1e-05 
  -6.3e-05 
  -3.5e-06 
   0.00031 
   6.4e-06 
   5.1e-05 
  -4.6e-06 
  -0.00011 
  -6e-05   
  -5.8e-06 
  -0.00021 
  -0.0002  
  -4.5e-05 
  -0.00048 
   0.0012  
   7e-06   
   0.00018 
  -9.3e-05 
  -9.5e-05 

CTRL
  -10      
  -2       
   0.34    
  -2.2     
   0.12    
   0.087   
   13      
   2.4     
   0.33    
   11      
   3.7     
   0.59    
   4.3     

QFRC_APPLIED
   0       
   0       
   0       
   0       
   0       
   0       
   0       
   0       
   0       
   0       
   0       
   0       
   0       
   0       
   0       
   0       
   0       
   0       
   0       

XFRC_APPLIED
   0         0         0         0         0         0       
   0         0         0         0         0         0       
   0         0         0         0         0         0       
   0         0         0         0         0         0       
   0         0         0         0         0         0       
   0         0         0         0         0         0       
   0         0         0         0         0         0       
   0         0         0         0         0         0       
   0         0         0         0         0         0       
   0         0         0         0         0         0       
   0         0         0         0         0         0       
   0         0         0         0         0         0       
   0         0         0         0         0         0       
   0         0         0         0         0         0       
   0         0         0         0         0         0       

QACC
  -2.1e-05 
  -6.3e-05 
  -3.5e-06 
   0.00031 
   6.4e-06 
   5.1e-05 
  -4.6e-06 
  -0.00011 
  -6e-05   
  -5.8e-06 
  -0.00021 
  -0.0002  
  -4.5e-05 
  -0.00048 
   0.0012  
   7e-06   
   0.00018 
  -9.3e-05 
  -9.5e-05 

SENSOR
  -0.00063 
   5.3e-05 
  -0.00031 
   9.7     
  -0.42    
  -1.4     
   0.11    
   0.74    
  -0.15    
   0.65    
   5.6e-05 
   0.00015 
  -5.9e-06 

TREE_ASLEEP
  -11

XPOS
   0         0         0       
   0.32     -1.1      -0.17    
   0.3      -1.1      -0.17    
   0.27     -1.2      -0.17    
   0.18     -1.2      -0.12    
  -0.011    -1.1      -0.015   
  -0.33     -1.1      -0.0075  
  -0.37     -1.1       0.034   
   0.34     -1        -0.17    
   0.35     -0.96     -0.16    
   0.28     -0.93     -0.097   
   0.11     -0.87      0.036   
  -0.19     -0.76      0.016   
  -0.24     -0.74      0.045   
   0.42     -1.1      -0.19    

XQUAT
   1         0         0         0       
   0.11      0.74     -0.15      0.65    
   0.075     0.85     -0.17      0.5     
  -0.0016    0.85     -0.13      0.51    
   0.017     0.85     -0.094     0.51    
   0.039     0.71     -0.088     0.7     
   0.0046    0.91     -0.096     0.4     
  -0.075     0.91     -0.061     0.4     
   0.064     0.88     -0.18      0.44    
   0.066     0.88     -0.18      0.44    
   0.074     0.88     -0.16      0.44    
   0.13      0.67     -0.13      0.72    
   0.086     0.84     -0.16      0.51    
   0.087     0.84     -0.16      0.51    
   0.12      0.74     -0.14      0.64    

XMAT
   1         0         0         0         1         0         0         0         1       
   0.12     -0.37      0.92     -0.093    -0.93     -0.36      0.99     -0.043    -0.14    
   0.44     -0.37      0.82     -0.21     -0.93     -0.3       0.87     -0.043    -0.49    
   0.44     -0.21      0.87     -0.21     -0.97     -0.13      0.87     -0.13     -0.48    
   0.46     -0.18      0.87     -0.14     -0.98     -0.13      0.88     -0.067    -0.48    
   0.011    -0.18      0.98     -0.071    -0.98     -0.18      1        -0.067    -0.023   
   0.67     -0.18      0.72     -0.17     -0.98     -0.084     0.73     -0.067    -0.69    
   0.67     -0.051     0.74     -0.17     -0.98      0.086     0.73     -0.18     -0.66    
   0.55     -0.37      0.75     -0.25     -0.93     -0.27      0.8      -0.043    -0.6     
   0.55     -0.37      0.75     -0.25     -0.93     -0.27      0.8      -0.04     -0.6     
   0.56     -0.35      0.75     -0.22     -0.94     -0.27      0.8      -0.012    -0.6     
  -0.063    -0.35      0.94      0.011    -0.94     -0.35      1        -0.012     0.063   
   0.44     -0.35      0.83     -0.17     -0.94     -0.3       0.88     -0.012    -0.47    
   0.44     -0.35      0.83     -0.17     -0.94     -0.3       0.88     -0.011    -0.47    
   0.13     -0.36      0.92     -0.052    -0.93     -0.36      0.99     -0.00017  -0.14    

XIPOS
   0         0         0       
   0.33     -1.1      -0.17    
   0.29     -1.2      -0.17    
   0.23     -1.2      -0.15    
   0.11     -1.2      -0.079   
  -0.14     -1.1      -0.0077  
  -0.37     -1.1       0.012   
  -0.38     -1.1       0.061   
   0.35     -0.99     -0.16    
   0.32     -0.95     -0.13    
   0.21     -0.91     -0.045   
  -0.013    -0.83      0.032   
  -0.23     -0.75      0.024   
  -0.26     -0.74      0.069   
   0.57     -1.2      -0.19    

XIMAT
   1         0         0         0         1         0         0         0         1       
   0.31      0.87      0.39     -0.17     -0.35      0.92      0.93     -0.35      0.033   
  -0.26      0.94      0.24     -0.34     -0.32      0.89      0.9       0.15      0.4     
   0.38     -0.23      0.9      -0.28     -0.95     -0.13      0.89     -0.2      -0.42    
  -0.17     -0.44      0.88     -0.98      0.16     -0.11     -0.089    -0.89     -0.46    
  -0.17     -0.014     0.99     -0.98      0.039    -0.17     -0.036    -1        -0.021   
  -0.77     -0.54      0.33     -0.59      0.8      -0.082    -0.22     -0.26     -0.94    
   0.72      0.051     0.69      0.093     0.98     -0.17     -0.69      0.18      0.7     
   0.12      0.91      0.4       0.31     -0.41      0.86      0.94      0.021    -0.33    
   0.52     -0.34      0.78     -0.17     -0.94     -0.29      0.83      0.021    -0.55    
  -0.35     -0.55      0.76     -0.94      0.2      -0.29      0.011    -0.81     -0.58    
  -0.35      0.076     0.93     -0.93      0.018    -0.36     -0.044    -1         0.064   
   0.29     -0.77      0.57     -0.9      -0.43     -0.11      0.33     -0.48     -0.81    
   0.81      0.35      0.47     -0.3       0.94     -0.19     -0.5       0.011     0.86    
   0.35     -0.35      0.87     -0.14     -0.94     -0.32      0.93     -0.0059   -0.38    

XANCHOR
   0.32     -1.1      -0.17    
   0.3      -1.1      -0.17    
   0.27     -1.2      -0.17    
   0.18     -1.2      -0.12    
  -0.011    -1.1      -0.015   
  -0.33     -1.1      -0.0075  
  -0.37     -1.1       0.034   
   0.34     -1        -0.17    
   0.35     -0.96     -0.16    
   0.28     -0.93     -0.097   
   0.11     -0.87      0.036   
  -0.19     -0.76      0.016   
  -0.24     -0.74      0.045   
   0.42     -1.1      -0.19    

XAXIS
   0         0         1       
  -0.37     -0.93     -0.043   
   0.44     -0.21      0.87    
   0.87     -0.13     -0.48    
  -0.18     -0.98     -0.067   
  -0.18     -0.98     -0.067   
   0.67     -0.17      0.73    
  -0.37     -0.93     -0.043   
   0.55     -0.25      0.8     
   0.75     -0.27     -0.6     
  -0.35     -0.94     -0.012   
  -0.35     -0.94     -0.012   
   0.44     -0.17      0.88    
   0.92     -0.36     -0.14    

GEOM_XPOS
   0         0         0       
   0.33     -1.1      -0.17    
   0.28     -1.2      -0.17    
   0.23     -1.2      -0.15    
   0.084    -1.1      -0.064   
  -0.14     -1.1      -0.0014  
  -0.35     -1.1       0.0012  
  -0.37     -1.1       0.058   
  -0.32     -1.1       0.13    
  -0.32     -1.1       0.14    
  -0.37     -1.1       0.082   
  -0.36     -1         0.097   
  -0.44     -1.1       0.0049  
  -0.44     -1         0.016   
   0.35     -0.98     -0.16    
   0.32     -0.95     -0.13    
   0.19     -0.9      -0.027   
  -0.011    -0.83      0.039   
  -0.21     -0.75      0.018   
  -0.24     -0.74      0.068   
  -0.23     -0.77      0.16    
  -0.21     -0.73      0.16    
  -0.26     -0.78      0.1     
  -0.23     -0.7       0.1     
  -0.3      -0.75      0.0044  
  -0.28     -0.69      0.005   
   0.57     -1.2      -0.21    
   0.59     -1.3      -0.22    
   0.57     -1.3      -0.22    
   0.47     -1.3      -0.2     
   0.4      -1.3      -0.12    
   0.42     -1.3      -0.055   
   0.42     -1.3      -0.0019  
   0.43     -1.3       0.038   
   0.43     -1.3       0.038   
   0.7      -1.1      -0.22    
   0.68     -1        -0.22    
   0.58     -1        -0.2     
   0.51     -0.98     -0.12    
   0.52     -0.99     -0.055   
   0.53     -0.99     -0.0018  
   0.54     -0.99      0.038   
   0.54     -0.99      0.038   
   0.74     -1.2      -0.24    
   0.81     -1.3      -0.23    

GEOM_XMAT
   1         0         0         0         1         0         0         0         1       
   0.12     -0.37      0.92     -0.092    -0.93     -0.36      0.99     -0.042    -0.14    
   0.63      0.64      0.44     -0.62      0.75     -0.21     -0.47     -0.14      0.87    
   0.44     -0.21      0.87     -0.21     -0.97     -0.13      0.87     -0.13     -0.48    
  -0.18     -0.49      0.86     -0.98      0.15     -0.12     -0.069    -0.86     -0.5     
  -0.18     -0.014     0.98     -0.98      0.071    -0.18     -0.068    -1        -0.026   
   0.3      -0.18      0.94     -0.12     -0.98     -0.15      0.95     -0.067    -0.32    
   0.76      0.051     0.64      0.081     0.98     -0.17     -0.64      0.18      0.75    
   0.67     -0.051     0.74     -0.17     -0.98      0.086     0.73     -0.18     -0.66    
   0.67     -0.051     0.74     -0.17     -0.98      0.086     0.73     -0.18     -0.66    
   0.67     -0.051     0.74     -0.17     -0.98      0.086     0.73     -0.18     -0.66    
   0.67     -0.051     0.74     -0.17     -0.98      0.086     0.73     -0.18     -0.66    
   0.67     -0.051     0.74     -0.17     -0.98      0.086     0.73     -0.18     -0.66    
   0.67     -0.051     0.74     -0.17     -0.98      0.086     0.73     -0.18     -0.66    
   0.84      0.061     0.55      0.094     0.96     -0.25     -0.54      0.26      0.8     
   0.55     -0.37      0.75     -0.25     -0.93     -0.27      0.8      -0.04     -0.6     
  -0.35     -0.58      0.73     -0.94      0.23     -0.27     -0.013    -0.78     -0.62    
  -0.35      0.06      0.94     -0.94     -0.0097   -0.35     -0.012    -1         0.06    
   0.051    -0.35      0.94     -0.031    -0.94     -0.35      1        -0.012    -0.059   
   0.84      0.35      0.41     -0.31      0.94     -0.16     -0.44      0.011     0.9     
   0.44     -0.35      0.83     -0.17     -0.94     -0.3       0.88     -0.011    -0.47    
   0.44     -0.35      0.83     -0.17     -0.94     -0.3       0.88     -0.011    -0.47    
   0.44     -0.35      0.83     -0.17     -0.94     -0.3       0.88     -0.011    -0.47    
   0.44     -0.35      0.83     -0.17     -0.94     -0.3       0.88     -0.011    -0.47    
   0.44     -0.35      0.83     -0.17     -0.94     -0.3       0.88     -0.011    -0.47    
   0.44     -0.35      0.83     -0.17     -0.94     -0.3       0.88     -0.011    -0.47    
   0.19     -0.35      0.92     -0.074    -0.94     -0.34      0.98     -0.0049   -0.2     
   0.13      0.92      0.36     -0.052    -0.36      0.93      0.99     -0.14      0.0002  
  -0.36     -0.14      0.92     -0.93      0.052    -0.36     -7.7e-05  -0.99     -0.14    
  -0.36     -0.12      0.93     -0.93      0.045    -0.36      0.00061  -0.99     -0.13    
   0.86      0.36      0.35     -0.33      0.93     -0.14     -0.38      9.1e-05   0.93    
   0.14      0.92      0.36     -0.052    -0.36      0.93      0.99     -0.14      0.00019 
  -0.36      0.92      0.13     -0.93     -0.36     -0.052    -3.9e-05  -0.14      0.99    
   0.13     -0.36      0.92     -0.052    -0.93     -0.36      0.99     -0.00017  -0.14    
   0.92     -0.13      0.36     -0.36      0.052     0.93     -0.14     -0.99      0.00017 
   0.13      0.92      0.36     -0.052    -0.36      0.93      0.99     -0.14      0.00018 
  -0.36     -0.14      0.92     -0.93      0.052    -0.36     -7.7e-05  -0.99     -0.14    
  -0.36     -0.12      0.93     -0.93      0.045    -0.36      0.00061  -0.99     -0.13    
   0.86      0.36      0.35     -0.33      0.93     -0.14     -0.38      9.1e-05   0.93    
   0.14      0.92      0.36     -0.052    -0.36      0.93      0.99     -0.14      0.00019 
  -0.36      0.92      0.13     -0.93     -0.36     -0.052    -3.9e-05  -0.14      0.99    
   0.13     -0.36      0.92     -0.052    -0.93     -0.36      0.99     -0.00017  -0.14    
   0.92     -0.13      0.36     -0.36      0.052     0.93     -0.14     -0.99      0.00017 
   0.26     -0.36      0.9      -0.099    -0.93     -0.35      0.96     -0.00019  -0.28    
   0.84      0.36     -0.42     -0.32      0.93      0.16      0.45      0.0002    0.9     

SITE_XPOS
   0.27     -1        -0.16    

SITE_XMAT
   0.12     -0.37      0.92     -0.093    -0.93     -0.36      0.99     -0.043    -0.14    

LIGHT_XPOS
   1         0         3.5     

LIGHT_XDIR
   0         0        -1       

SUBTREE_COM
   0.36     -1.1      -0.14    
   0.36     -1.1      -0.14    
   0.032    -1.1      -0.072   
   0.025    -1.1      -0.069   
  -0.048    -1.1      -0.041   
  -0.26     -1.1       0.011   
  -0.37     -1.1       0.028   
  -0.38     -1.1       0.061   
   0.14     -0.88     -0.046   
   0.14     -0.88     -0.043   
   0.069    -0.86     -0.011   
  -0.13     -0.78      0.036   
  -0.24     -0.74      0.039   
  -0.26     -0.74      0.069   
   0.57     -1.2      -0.19    

CDOF
   0         0         0         1         0         0       
   0         0         0         0         1         0       
   0         0         0         0         0         1       
   0.12     -0.093     0.99      0.023     0.034     0.00043 
  -0.37     -0.93     -0.043    -0.032     0.01      0.045   
   0.92     -0.36     -0.14     -0.016    -0.036    -0.011   
  -0.37     -0.93     -0.043    -0.032     0.01      0.045   
   0.44     -0.21      0.87     -0.073     0.067     0.054   
   0.87     -0.13     -0.48      0.032    -0.071     0.078   
  -0.18     -0.98     -0.067     0.12     -0.047     0.36    
  -0.18     -0.98     -0.067     0.13     -0.069     0.68    
   0.67     -0.17      0.73      0.048     0.64      0.11    
  -0.37     -0.93     -0.043    -0.032     0.01      0.045   
   0.55     -0.25      0.8       0.1      -0.0043   -0.073   
   0.75     -0.27     -0.6      -0.087    -0.019    -0.1     
  -0.35     -0.94     -0.012     0.16     -0.063     0.31    
  -0.35     -0.94     -0.012     0.14     -0.06      0.63    
   0.44     -0.17      0.88      0.34      0.61     -0.051   
   0.92     -0.36     -0.14     -0.016    -0.036    -0.011   

CINERT
   0         0         0         0         0         0         0         0         0         0       
   0.012     0.012     0.011     0.0014   -0.0022    0.0019   -0.071     0.058    -0.095     2.7     
   0.00069   0.001     0.0014   -0.0006   -0.00038  -0.0003   -0.011    -0.0079   -0.0049    0.14    
   0.0091    0.025     0.031    -0.012    -0.0021   -0.0015   -0.17     -0.1      -0.02      1.4     
   0.02      0.17      0.17     -0.03      0.039     0.0065   -0.59     -0.12      0.13      2.3     
   0.014     0.22      0.21     -0.003     0.051     0.0012   -0.39     -0.0097    0.1       0.79    
   0.014     0.33      0.32      0.012     0.064    -0.0025   -0.43      0.017     0.089     0.6     
   0.012     0.17      0.16      0.0047    0.043    -0.0012   -0.22      0.0062    0.058     0.29    
   0.0019    0.00017   0.0019    0.00014  -2.6e-05   0.00043  -0.0015    0.016    -0.0037    0.14    
   0.032     0.0041    0.035     0.0076    0.0006   -0.00062  -0.05      0.21      0.003     1.4     
   0.11      0.084     0.14      0.066     0.037    -0.042    -0.34      0.43      0.21      2.3     
   0.082     0.14      0.18      0.083     0.049    -0.036    -0.29      0.21      0.13      0.79    
   0.089     0.22      0.28      0.12      0.057    -0.034    -0.35      0.21      0.096     0.6     
   0.051     0.12      0.15      0.066     0.037    -0.022    -0.18      0.11      0.06      0.29    
   0.36      0.93      1.1       0.21      0.21     -0.072     3.1      -1        -0.76      15      

ACTUATOR_LENGTH
  -0.37    
   0.18    
  -0.073   
   0.47    
  -0.73    
   0.17    
  -0.5     
  -0.0046  
  -0.036   
   0.71    
  -0.55    
  -0.0021  
  -0.043   

actuator_moment
---------------------
       x             |
        x            |
         x           |
          x          |
           x         |
            x        |
             x       |
              x      |
               x     |
                x    |
                 x   |
                  x  |
                   x |
---------------------

ACTUATOR_MOMENT
     6:  1       
     7:  1       
     8:  1       
     9:  1       
    10:  1       
    11:  1       
    12:  1       
    13:  1       
    14:  1       
    15:  1       
    16:  1       
    17:  1       
    18:  1       

CRB
   0         0         0         0         0         0         0         0         0         0       
   0.8       2.4       2.8       0.53      0.58     -0.2       1.6e-15   3e-15    -3.9e-16   29      
   0.07      0.92      0.89     -0.029     0.2       0.0023   -1.8      -0.22      0.36      5.5     
   0.069     0.92      0.89     -0.029     0.2       0.0026   -1.8      -0.21      0.36      5.4     
   0.06      0.9       0.86     -0.016     0.2       0.0041   -1.6      -0.11      0.38      4       
   0.04      0.73      0.69      0.014     0.16     -0.0024   -1         0.013     0.25      1.7     
   0.026     0.5       0.48      0.017     0.11     -0.0036   -0.65      0.023     0.15      0.89    
   0.012     0.17      0.16      0.0047    0.043    -0.0012   -0.22      0.0062    0.058     0.29    
   0.37      0.58      0.79      0.35      0.18     -0.13     -1.2       1.2       0.5       5.5     
   0.36      0.58      0.79      0.35      0.18     -0.13     -1.2       1.2       0.5       5.4     
   0.33      0.57      0.75      0.34      0.18     -0.13     -1.2       0.96      0.5       4       
   0.22      0.49      0.61      0.27      0.14     -0.091    -0.83      0.53      0.29      1.7     
   0.14      0.35      0.43      0.19      0.094    -0.055    -0.53      0.32      0.16      0.89    
   0.051     0.12      0.15      0.066     0.037    -0.022    -0.18      0.11      0.06      0.29    
   0.36      0.93      1.1       0.21      0.21     -0.072     3.1      -1        -0.76      15      

QM
   29      
   0         29      
   0         0         29      
   0.66      0.98      0.012     2.9     
  -0.92      0.3       1.3      -0.022     2.7     
  -0.45     -1        -0.3       0.25      0.14      0.59    
  -0.52      0.27     -1.4      -0.07      0.69      0.29      0.7     
  -0.29     -1.4      -0.19      0.69      0.021     0.16      0.021     0.66    
   0.029     0.16      0.01     -0.11      0.0038   -0.013     0.0038   -0.1       0.036   
  -0.038     0.037    -0.43      0.0024    0.28      0.1       0.28      0.02      0.00034   0.16    
  -0.031     0.0084   -0.041    -0.0028    0.035     0.012     0.035     0.0025    4.9e-05   0.018     0.015   
  -0.00044  -0.0085   -0.0016    0.0064    0.00016   0.0015    0.00016   0.006    -0.00094   0.00031  -1.3e-05   0.01    
  -0.59      0.29     -1.3       0.053     0.69     -0.16                                                                  0.7     
  -0.5      -1.3      -0.061     0.61      0.0014    0.16                                                                  0.0014    0.6     
   0.091     0.25      0.0028   -0.17      0.0061   -0.026                                                                 0.0061   -0.16      0.068   
   0.0028    0.0044   -0.44      0.0017    0.27     -0.046                                                                 0.27      0.0096    0.00017   0.16    
  -0.019     0.0075   -0.048     0.0027    0.037    -0.0053                                                                0.037     0.0013    6e-05     0.02      0.015   
  -0.003    -0.0081   -9.3e-05   0.0061   -0.00022   0.0012                                                               -0.00022   0.0058   -0.0019   -2.9e-06   1.6e-07   0.01    
  -0.11     -0.29     -6.3e-05  -0.044     0.0023    0.24                                                                                                                              0.25    

M
     0:  29      
     0:  0          1:  29      
     0:  0          1:  0          2:  29      
     0:  0.66       1:  0.98       2:  0.012      3:  2.9     
     0: -0.92       1:  0.3        2:  1.3        3: -0.022      4:  2.7     
     0: -0.45       1: -1          2: -0.3        3:  0.25       4:  0.14       5:  0.59    
     0: -0.52       1:  0.27       2: -1.4        3: -0.07       4:  0.69       5:  0.29       6:  0.7     
     0: -0.29       1: -1.4        2: -0.19       3:  0.69       4:  0.021      5:  0.16       6:  0.021      7:  0.66    
     0:  0.029      1:  0.16       2:  0.01       3: -0.11       4:  0.0038     5: -0.013      6:  0.0038     7: -0.1        8:  0.036   
     0: -0.038      1:  0.037      2: -0.43       3:  0.0024     4:  0.28       5:  0.1        6:  0.28       7:  0.02       8:  0.00034    9:  0.16    
     0: -0.031      1:  0.0084     2: -0.041      3: -0.0028     4:  0.035      5:  0.012      6:  0.035      7:  0.0025     8:  4.9e-05    9:  0.018     10:  0.015   
     0: -0.00044    1: -0.0085     2: -0.0016     3:  0.0064     4:  0.00016    5:  0.0015     6:  0.00016    7:  0.006      8: -0.00094    9:  0.00031   10: -1.3e-05   11:  0.01    
     0: -0.59       1:  0.29       2: -1.3        3:  0.053      4:  0.69       5: -0.16      12:  0.7     
     0: -0.5        1: -1.3        2: -0.061      3:  0.61       4:  0.0014     5:  0.16      12:  0.0014    13:  0.6     
     0:  0.091      1:  0.25       2:  0.0028     3: -0.17       4:  0.0061     5: -0.026     12:  0.0061    13: -0.16      14:  0.068   
     0:  0.0028     1:  0.0044     2: -0.44       3:  0.0017     4:  0.27       5: -0.046     12:  0.27      13:  0.0096    14:  0.00017   15:  0.16    
     0: -0.019      1:  0.0075     2: -0.048      3:  0.0027     4:  0.037      5: -0.0053    12:  0.037     13:  0.0013    14:  6e-05     15:  0.02      16:  0.015   
     0: -0.003      1: -0.0081     2: -9.3e-05    3:  0.0061     4: -0.00022    5:  0.0012    12: -0.00022   13:  0.0058    14: -0.0019    15: -2.9e-06   16:  1.6e-07   17:  0.01    
     0: -0.11       1: -0.29       2: -6.3e-05    3: -0.044      4:  0.0023     5:  0.24      18:  0.25    

QLD
     0:  22      
     0: -0.31       1:  13      
     0: -0.29       1:  0.09       2:  12      
     0:  0.96       1:  2.4        2:  0.13       3:  1.5     
     0:  0.11       1: -0.18       2:  3          3: -0.0037     4:  1.3     
     0: -0.49       1: -0.79       2:  0.29       3:  0.31       4:  0.02       5:  0.11    
     0: -2.1        1:  0.79       2: -2.8        3: -0.26       4:  0.95       5:  0.51       6:  0.22    
     0: -0.55       1: -2.5        2: -0.29       3:  1          4: -0.015      5:  0.3        6: -0.015      7:  0.36    
     0:  0.8        1:  4.5        2:  0.3        3: -3.1        4:  0.089      5: -0.36       6:  0.089      7: -2.9        8:  0.036   
     0: -0.0035     1:  0.19       2: -2.8        3:  0.042      4:  1.7        5:  0.65       6:  1.7        7:  0.13       8:  0.0023     9:  0.14    
     0: -2          1:  0.56       2: -2.7        3: -0.19       4:  2.3        5:  0.8        6:  2.3        7:  0.17       8:  0.0032     9:  1.2       10:  0.015   
     0: -0.042      1: -0.82       2: -0.15       3:  0.62       4:  0.015      5:  0.14       6:  0.015      7:  0.58       8: -0.09       9:  0.03      10: -0.0013    11:  0.01    
     0: -2.4        1:  1          2: -2.4        3:  0.26       4:  0.96       5: -0.31      12:  0.25    
     0: -1.2        1: -2.9        2: -0.11       3:  0.93       4: -0.0055     5:  0.4       12: -0.0055    13:  0.25    
     0:  1.3        1:  3.6        2:  0.048      3: -2.4        4:  0.085      5: -0.38      12:  0.085     13: -2.3       14:  0.068   
     0:  0.2        1: -0.041      2: -2.8        3: -0.014      4:  1.6        5: -0.29      12:  1.6       13:  0.058     14:  0.00067   15:  0.14    
     0: -1.2        1:  0.5        2: -3.2        3:  0.18       4:  2.5        5: -0.35      12:  2.5       13:  0.088     14:  0.004     15:  1.3       16:  0.015   
     0: -0.29       1: -0.78       2: -0.009      3:  0.59       4: -0.021      5:  0.12      12: -0.021     13:  0.56      14: -0.18      15: -0.00028   16:  1.5e-05   17:  0.01    
     0: -0.44       1: -1.2        2: -0.00025    3: -0.17       4:  0.009      5:  0.96      18:  0.25    

QLDIAGINV
   0.045   
   0.074   
   0.085   
   0.65    
   0.75    
   9.5     
   4.6     
   2.8     
   28      
   7.4     
   66      
   96      
   4       
   4       
   15      
   7.4     
   66      
   96      
   4       

M: inertia structure
---------------------
 x                   |
 xx                  |
 xxx                 |
 xxxx                |
 xxxxx               |
 xxxxxx              |
 xxxxxxx             |
 xxxxxxxx            |
 xxxxxxxxx           |
 xxxxxxxxxx          |
 xxxxxxxxxxx         |
 xxxxxxxxxxxx        |
 xxxxxx      x       |
 xxxxxx      xx      |
 xxxxxx      xxx     |
 xxxxxx      xxxx    |
 xxxxxx      xxxxx   |
 xxxxxx      xxxxxx  |
 xxxxxx            x |
---------------------

iM: block-diagonal inertia (nnzs are island ids)
---------------------
 0                   |
 00                  |
 000                 |
 0000                |
 00000               |
 000000              |
 0000000             |
 00000000            |
 000000000           |
 0000000000          |
 00000000000         |
 000000000000        |
 000000      0       |
 000000      00      |
 000000      000     |
 000000      0000    |
 000000      00000   |
 000000      000000  |
 000000            0 |
---------------------

QH
     0:  22      
     0: -0.31       1:  13      
     0: -0.29       1:  0.089      2:  12      
     0:  0.96       1:  2.4        2:  0.13       3:  1.5     
     0:  0.11       1: -0.18       2:  3          3: -0.0037     4:  1.3     
     0: -0.49       1: -0.8        2:  0.28       3:  0.31       4:  0.02       5:  0.11    
     0: -2          1:  0.79       2: -2.8        3: -0.26       4:  0.95       5:  0.51       6:  0.22    
     0: -0.55       1: -2.5        2: -0.29       3:  1          4: -0.015      5:  0.3        6: -0.015      7:  0.36    
     0:  0.8        1:  4.4        2:  0.3        3: -3.1        4:  0.088      5: -0.36       6:  0.088      7: -2.9        8:  0.036   
     0: -0.0071     1:  0.19       2: -2.8        3:  0.041      4:  1.7        5:  0.65       6:  1.7        7:  0.13       8:  0.0023     9:  0.14    
     0: -2          1:  0.55       2: -2.7        3: -0.18       4:  2.3        5:  0.79       6:  2.3        7:  0.16       8:  0.0031     9:  1.2       10:  0.015   
     0: -0.042      1: -0.8        2: -0.15       3:  0.6        4:  0.015      5:  0.14       6:  0.015      7:  0.57       8: -0.088      9:  0.029     10: -0.0012    11:  0.011   
     0: -2.4        1:  1          2: -2.3        3:  0.26       4:  0.96       5: -0.31      12:  0.25    
     0: -1.2        1: -2.9        2: -0.11       3:  0.93       4: -0.0056     5:  0.4       12: -0.0056    13:  0.25    
     0:  1.3        1:  3.6        2:  0.047      3: -2.4        4:  0.084      5: -0.37      12:  0.084     13: -2.3       14:  0.068   
     0:  0.2        1: -0.04       2: -2.8        3: -0.014      4:  1.6        5: -0.29      12:  1.6       13:  0.058     14:  0.00068   15:  0.14    
     0: -1.2        1:  0.49       2: -3.2        3:  0.18       4:  2.4        5: -0.34      12:  2.4       13:  0.087     14:  0.0039    15:  1.3       16:  0.015   
     0: -0.29       1: -0.76       2: -0.0088     3:  0.57       4: -0.021      5:  0.12      12: -0.021     13:  0.55      14: -0.18      15: -0.00028   16:  1.5e-05   17:  0.011   
     0: -0.44       1: -1.1        2: -0.00025    3: -0.17       4:  0.009      5:  0.96      18:  0.25    

QHDIAGINV
   0.045   
   0.074   
   0.085   
   0.65    
   0.75    
   9.5     
   4.6     
   2.8     
   28      
   7.3     
   66      
   94      
   4       
   4       
   15      
   7.4     
   65      
   94      
   4       

TREE_AWAKE
  1

BODY_AWAKE
  -1 1 1 1 1 1 1 1 1 1 1 1 1 1 1

BODY_AWAKE_IND
  0 1 2 3 4 5 6 7 8 9 10 11 12 13 14

PARENT_AWAKE_IND
  1 2 3 4 5 6 7 8 9 10 11 12 13 14

DOF_AWAKE_IND
  0 1 2 3 4 5 6 7 8 9 10 11 12 13 14 15 16 17 18

CONTACT
  0:
     dim           3
     geoms         floor : 12
     exclude       0
     efc_address   19
     solref         0.02      1       
     solimp         0.9       0.95      0.001     0.5       2       
     dist          -0.00014 
     includemargin  0       
     pos           -0.44     -1.1      -6.8e-05 
     frame          0         0         1         0         1         0        -1         0         0       
     friction       1         1         0.005     0.0001    0.0001  
     mu             1       
     force          4.7      -0.76      0.061     0         0         0       
  1:
     dim           3
     geoms         floor : 24
     exclude       0
     efc_address   23
     solref         0.02      1       
     solimp         0.9       0.95      0.001     0.5       2       
     dist          -0.00063 
     includemargin  0       
     pos           -0.3      -0.75     -0.00032 
     frame          0         0         1         0         1         0        -1         0         0       
     friction       1         1         0.005     0.0001    0.0001  
     mu             1       
     force          36        1.4      -0.31      0         0         0       
  2:
     dim           3
     geoms         floor : 33
     exclude       0
     efc_address   27
     solref         0.02      1       
     solimp         0.9       0.95      0.001     0.5       2       
     dist          -0.00027 
     includemargin  0       
     pos            0.43     -1.3      -0.00013 
     frame          0         0         1         0         1         0        -1         0         0       
     friction       1         1         0.005     0.0001    0.0001  
     mu             1       
     force          1.4e+02  -0.51     -0.97      0         0         0       
  3:
     dim           3
     geoms         floor : 41
     exclude       0
     efc_address   31
     solref         0.02      1       
     solimp         0.9       0.95      0.001     0.5       2       
     dist          -0.00022 
     includemargin  0       
     pos            0.54     -0.99     -0.00011 
     frame          0         0         1         0         1         0        -1         0         0       
     friction       1         1         0.005     0.0001    0.0001  
     mu             1       
     force          1.1e+02   0.22      0.91      0         0         0       

EFC_TYPE
  1
  1
  1
  1
  1
  1
  1
  1
  1
  1
  1
  1
  1
  1
  1
  1
  1
  1
  1
  6
  6
  6
  6
  6
  6
  6
  6
  6
  6
  6
  6
  6
  6
  6
  6

EFC_ID
  0
  1
  2
  3
  4
  5
  6
  7
  8
  9
  10
  11
  12
  13
  14
  15
  16
  17
  18
  0
  0
  0
  0
  1
  1
  1
  1
  2
  2
  2
  2
  3
  3
  3
  3

EFC_J
   1         0         0         0         0         0         0         0         0         0         0         0         0         0         0         0         0         0         0       
   0         1         0         0         0         0         0         0         0         0         0         0         0         0         0         0         0         0         0       
   0         0         1         0         0         0         0         0         0         0         0         0         0         0         0         0         0         0         0       
   0         0         0         1         0         0         0         0         0         0         0         0         0         0         0         0         0         0         0       
   0         0         0         0         1         0         0         0         0         0         0         0         0         0         0         0         0         0         0       
   0         0         0         0         0         1         0         0         0         0         0         0         0         0         0         0         0         0         0       
   0         0         0         0         0         0         1         0         0         0         0         0         0         0         0         0         0         0         0       
   0         0         0         0         0         0         0         1         0         0         0         0         0         0         0         0         0         0         0       
   0         0         0         0         0         0         0         0         1         0         0         0         0         0         0         0         0         0         0       
   0         0         0         0         0         0         0         0         0         1         0         0         0         0         0         0         0         0         0       
   0         0         0         0         0         0         0         0         0         0         1         0         0         0         0         0         0         0         0       
   0         0         0         0         0         0         0         0         0         0         0         1         0         0         0         0         0         0         0       
   0         0         0         0         0         0         0         0         0         0         0         0         1         0         0         0         0         0         0       
   0         0         0         0         0         0         0         0         0         0         0         0         0         1         0         0         0         0         0       
   0         0         0         0         0         0         0         0         0         0         0         0         0         0         1         0         0         0         0       
   0         0         0         0         0         0         0         0         0         0         0         0         0         0         0         1         0         0         0       
   0         0         0         0         0         0         0         0         0         0         0         0         0         0         0         0         1         0         0       
   0         0         0         0         0         0         0         0         0         0         0         0         0         0         0         0         0         1         0       
   0         0         0         0         0         0         0         0         0         0         0         0         0         0         0         0         0         0         1       
   0         1         1        -0.85     -0.61     -0.34     -0.61     -0.81      0.17     -0.4      -0.1      -0.055     0         0         0         0         0         0         0       
   0        -1         1         0.7      -0.79     -0.24     -0.79      0.57     -0.21     -0.46     -0.12      0.0021    0         0         0         0         0         0         0       
  -1         0         1        -0.079    -0.54     -0.23     -0.54     -0.01     -0.036    -0.42     -0.1      -0.048     0         0         0         0         0         0         0       
   1         0         1        -0.067    -0.86     -0.35     -0.86     -0.22     -0.0015   -0.44     -0.12     -0.005     0         0         0         0         0         0         0       
   0         1         1        -0.66     -0.61      0.0085    0         0         0         0         0         0        -0.61     -0.66      0.26     -0.44     -0.12     -0.054     0       
   0        -1         1         0.62     -0.79      0.14      0         0         0         0         0         0        -0.79      0.56     -0.3      -0.43     -0.11      0.025     0       
  -1         0         1         0.31     -0.56      0.088     0         0         0         0         0         0        -0.56      0.16     -0.1      -0.47     -0.13     -0.028     0       
   1         0         1        -0.35     -0.84      0.06      0         0         0         0         0         0        -0.84     -0.26      0.063    -0.4      -0.098    -0.0012    0       
   0         1         1         0.071     0.23     -0.32      0         0         0         0         0         0         0         0         0         0         0         0        -0.32    
   0        -1         1        -0.099     0.12      0.023     0         0         0         0         0         0         0         0         0         0         0         0         0.023   
  -1         0         1        -0.2       0.34     -0.059     0         0         0         0         0         0         0         0         0         0         0         0        -0.059   
   1         0         1         0.17      0.0063   -0.24      0         0         0         0         0         0         0         0         0         0         0         0        -0.24    
   0         1         1         0.22      0.22     -0.039     0         0         0         0         0         0         0         0         0         0         0         0        -0.039   
   0        -1         1        -0.16      0.12      0.34      0         0         0         0         0         0         0         0         0         0         0         0         0.34    
  -1         0         1         0.12      0.32      0.2       0         0         0         0         0         0         0         0         0         0         0         0         0.2     
   1         0         1        -0.064     0.016     0.099     0         0         0         0         0         0         0         0         0         0         0         0         0.099   

IEFC_J
   1         0         0         0         0         0         0         0         0         0         0         0         0         0         0         0         0         0         0       
   0         1         0         0         0         0         0         0         0         0         0         0         0         0         0         0         0         0         0       
   0         0         1         0         0         0         0         0         0         0         0         0         0         0         0         0         0         0         0       
   0         0         0         1         0         0         0         0         0         0         0         0         0         0         0         0         0         0         0       
   0         0         0         0         1         0         0         0         0         0         0         0         0         0         0         0         0         0         0       
   0         0         0         0         0         1         0         0         0         0         0         0         0         0         0         0         0         0         0       
   0         0         0         0         0         0         1         0         0         0         0         0         0         0         0         0         0         0         0       
   0         0         0         0         0         0         0         1         0         0         0         0         0         0         0         0         0         0         0       
   0         0         0         0         0         0         0         0         1         0         0         0         0         0         0         0         0         0         0       
   0         0         0         0         0         0         0         0         0         1         0         0         0         0         0         0         0         0         0       
   0         0         0         0         0         0         0         0         0         0         1         0         0         0         0         0         0         0         0       
   0         0         0         0         0         0         0         0         0         0         0         1         0         0         0         0         0         0         0       
   0         0         0         0         0         0         0         0         0         0         0         0         1         0         0         0         0         0         0       
   0         0         0         0         0         0         0         0         0         0         0         0         0         1         0         0         0         0         0       
   0         0         0         0         0         0         0         0         0         0         0         0         0         0         1         0         0         0         0       
   0         0         0         0         0         0         0         0         0         0         0         0         0         0         0         1         0         0         0       
   0         0         0         0         0         0         0         0         0         0         0         0         0         0         0         0         1         0         0       
   0         0         0         0         0         0         0         0         0         0         0         0         0         0         0         0         0         1         0       
   0         0         0         0         0         0         0         0         0         0         0         0         0         0         0         0         0         0         1       
   0         1         1        -0.85     -0.61     -0.34     -0.61     -0.81      0.17     -0.4      -0.1      -0.055     0         0         0         0         0         0         0       
   0        -1         1         0.7      -0.79     -0.24     -0.79      0.57     -0.21     -0.46     -0.12      0.0021    0         0         0         0         0         0         0       
  -1         0         1        -0.079    -0.54     -0.23     -0.54     -0.01     -0.036    -0.42     -0.1      -0.048     0         0         0         0         0         0         0       
   1         0         1        -0.067    -0.86     -0.35     -0.86     -0.22     -0.0015   -0.44     -0.12     -0.005     0         0         0         0         0         0         0       
   0         1         1        -0.66     -0.61      0.0085    0         0         0         0         0         0        -0.61     -0.66      0.26     -0.44     -0.12     -0.054     0       
   0        -1         1         0.62     -0.79      0.14      0         0         0         0         0         0        -0.79      0.56     -0.3      -0.43     -0.11      0.025     0       
  -1         0         1         0.31     -0.56      0.088     0         0         0         0         0         0        -0.56      0.16     -0.1      -0.47     -0.13     -0.028     0       
   1         0         1        -0.35     -0.84      0.06      0         0         0         0         0         0        -0.84     -0.26      0.063    -0.4      -0.098    -0.0012    0       
   0         1         1         0.071     0.23     -0.32      0         0         0         0         0         0         0         0         0         0         0         0        -0.32    
   0        -1         1        -0.099     0.12      0.023     0         0         0         0         0         0         0         0         0         0         0         0         0.023   
  -1         0         1        -0.2       0.34     -0.059     0         0         0         0         0         0         0         0         0         0         0         0        -0.059   
   1         0         1         0.17      0.0063   -0.24      0         0         0         0         0         0         0         0         0         0         0         0        -0.24    
   0         1         1         0.22      0.22     -0.039     0         0         0         0         0         0         0         0         0         0         0         0        -0.039   
   0        -1         1        -0.16      0.12      0.34      0         0         0         0         0         0         0         0         0         0         0         0         0.34    
  -1         0         1         0.12      0.32      0.2       0         0         0         0         0         0         0         0         0         0         0         0         0.2     
   1         0         1        -0.064     0.016     0.099     0         0         0         0         0         0         0         0         0         0         0         0         0.099   

EFC_POS
   0       
   0       
   0       
   0       
   0       
   0       
   0       
   0       
   0       
   0       
   0       
   0       
   0       
   0       
   0       
   0       
   0       
   0       
   0       
  -0.00014 
  -0.00014 
  -0.00014 
  -0.00014 
  -0.00063 
  -0.00063 
  -0.00063 
  -0.00063 
  -0.00027 
  -0.00027 
  -0.00027 
  -0.00027 
  -0.00022 
  -0.00022 
  -0.00022 
  -0.00022 

EFC_MARGIN
   0       
   0       
   0       
   0       
   0       
   0       
   0       
   0       
   0       
   0       
   0       
   0       
   0       
   0       
   0       
   0       
   0       
   0       
   0       
   0       
   0       
   0       
   0       
   0       
   0       
   0       
   0       
   0       
   0       
   0       
   0       
   0       
   0       
   0       
   0       

EFC_FRICTIONLOSS
   0.3     
   0.3     
   0.3     
   0.3     
   0.3     
   0.3     
   0.3     
   0.3     
   0.3     
   0.3     
   0.3     
   0.3     
   0.3     
   0.3     
   0.3     
   0.3     
   0.3     
   0.3     
   0.3     
   0       
   0       
   0       
   0       
   0       
   0       
   0       
   0       
   0       
   0       
   0       
   0       
   0       
   0       
   0       
   0       

EFC_DIAGAPPROX
   0.07    
   0.07    
   0.07    
   5       
   5       
   5       
   12      
   3.6     
   70      
   27      
   82      
   97      
   12      
   3.6     
   70      
   27      
   82      
   97      
   15      
   2.7     
   2.7     
   2.7     
   2.7     
   2.7     
   2.7     
   2.7     
   2.7     
   0.19    
   0.19    
   0.19    
   0.19    
   0.19    
   0.19    
   0.19    
   0.19    

EFC_KBIP
   0         1.1e+02   0.9       0       
   0         1.1e+02   0.9       0       
   0         1.1e+02   0.9       0       
   0         1.1e+02   0.9       0       
   0         1.1e+02   0.9       0       
   0         1.1e+02   0.9       0       
   0         1.1e+02   0.9       0       
   0         1.1e+02   0.9       0       
   0         1.1e+02   0.9       0       
   0         1.1e+02   0.9       0       
   0         1.1e+02   0.9       0       
   0         1.1e+02   0.9       0       
   0         1.1e+02   0.9       0       
   0         1.1e+02   0.9       0       
   0         1.1e+02   0.9       0       
   0         1.1e+02   0.9       0       
   0         1.1e+02   0.9       0       
   0         1.1e+02   0.9       0       
   0         1.1e+02   0.9       0       
   2.8e+03   1.1e+02   0.9      -27      
   2.8e+03   1.1e+02   0.9      -27      
   2.8e+03   1.1e+02   0.9      -27      
   2.8e+03   1.1e+02   0.9      -27      
   2.8e+03   1.1e+02   0.94     -73      
   2.8e+03   1.1e+02   0.94     -73      
   2.8e+03   1.1e+02   0.94     -73      
   2.8e+03   1.1e+02   0.94     -73      
   2.8e+03   1.1e+02   0.91     -53      
   2.8e+03   1.1e+02   0.91     -53      
   2.8e+03   1.1e+02   0.91     -53      
   2.8e+03   1.1e+02   0.91     -53      
   2.8e+03   1.1e+02   0.9      -43      
   2.8e+03   1.1e+02   0.9      -43      
   2.8e+03   1.1e+02   0.9      -43      
   2.8e+03   1.1e+02   0.9      -43      

EFC_D
   1.3e+02 
   1.3e+02 
   1.3e+02 
   1.8     
   1.8     
   1.8     
   0.78    
   2.5     
   0.13    
   0.33    
   0.11    
   0.093   
   0.78    
   2.5     
   0.13    
   0.33    
   0.11    
   0.093   
   0.59    
   3.4     
   3.4     
   3.4     
   3.4     
   5.5     
   5.5     
   5.5     
   5.5     
   51      
   51      
   51      
   51      
   49      
   49      
   49      
   49      

EFC_R
   0.0078  
   0.0078  
   0.0078  
   0.55    
   0.55    
   0.55    
   1.3     
   0.39    
   7.8     
   3       
   9.1     
   11      
   1.3     
   0.39    
   7.8     
   3       
   9.1     
   11      
   1.7     
   0.29    
   0.29    
   0.29    
   0.29    
   0.18    
   0.18    
   0.18    
   0.18    
   0.02    
   0.02    
   0.02    
   0.02    
   0.02    
   0.02    
   0.02    
   0.02    

ACTUATOR_VELOCITY
   0.00011 
  -0.0005  
   0.00035 
   9.3e-05 
   0.00026 
  -0.00011 
  -7.2e-05 
   0.0013  
  -0.0032  
  -1.1e-05 
  -7.8e-05 
   0.00093 
   0.0004  

CVEL
   0         0         0         0         0         0       
  -0.00038   0.00012  -0.00059   3.1e-05   0.0001    9.9e-07 
  -0.00042   1.2e-05  -0.00059   2.7e-05   0.00011   6.1e-06 
  -0.00064   0.00012  -0.001     6.4e-05   7.3e-05  -2.1e-05 
  -0.00034   7.5e-05  -0.0012    7.5e-05   4.8e-05   6.7e-06 
  -0.00035  -1.6e-05  -0.0012    8.6e-05   4.4e-05   4e-05   
  -0.0004   -0.00027  -0.0012    0.00012   2.6e-05   0.00022 
  -0.00047  -0.00025  -0.0013    0.00011  -4.4e-05   0.0002  
  -0.00035   0.00019  -0.00058   3.3e-05   0.0001   -2.3e-06 
   0.00035  -0.00014   0.00045   0.00017   9.8e-05  -9.6e-05 
  -0.002     0.00073   0.0024    0.00045   0.00016   0.00023 
  -0.002     0.00074   0.0024    0.00045   0.00016   0.00022 
  -0.002     0.00081   0.0024    0.00043   0.00016   0.00017 
  -0.0016    0.00065   0.0032    0.00075   0.00073   0.00013 
  -1.1e-05  -2.3e-05  -0.00064   2.5e-05   9e-05    -3.2e-06 

CDOF_DOT
   0         0         0         0         0         0       
   0         0         0         0         0         0       
   0         0         0         0         0         0       
   0         0        -0         0.00011  -4.2e-05  -1.8e-05 
   0         0         0        -9e-06     3.4e-06   2.5e-06 
   0         0        -0        -1.8e-05   2.1e-06  -0.00012 
  -0.00055   0.0002    0.0004    7.8e-06   3.7e-05   9.3e-06 
  -0.00012   0.0001    8.5e-05   0.00013   4.5e-05  -8e-05   
  -0.00019  -0.0012   -2.3e-05  -0.0001    2.9e-05  -3e-05   
  -0.0012    0.00019   0.00034  -2.5e-05  -2e-05    -5.8e-05 
  -0.0012    0.00019   0.00034  -5.7e-05   8.8e-05  -5e-05   
  -0.0004   -0.00052   0.00025   0.0008    4.3e-05  -0.00028 
  -0.00055   0.0002    0.0004    7.8e-06   3.7e-05   9.3e-06 
   2.3e-06  -3.6e-05  -1.3e-05   6.7e-05  -0.00011  -8.3e-05 
   0.0002    0.00055   8.2e-06  -6.3e-05   2.5e-05  -0.00014 
   0.0022   -0.00085   0.0022    0.00059   0.00094  -0.00035 
   0.0022   -0.00085   0.0022    0.00082   0.0015   -0.00034 
   0.0011    0.0028   -5.6e-06  -0.0013    0.0004   -0.0017  
  -0.00023  -0.00059   2.5e-05  -3.7e-05   1e-05    -9.2e-05 

QFRC_BIAS
   3e-06   
  -6e-07   
   2.8e+02 
   0.12    
   13      
  -3       
  -13      
  -1.9     
   0.099   
  -4.2     
  -0.4     
  -0.016   
  -13      
  -0.59    
   0.028   
  -4.3     
  -0.47    
  -0.00092 
  -0.00062 

QFRC_SPRING
   0       
   0       
   0       
   0       
   0       
   0       
   0       
   0       
   0       
   0       
   0       
   0       
   0       
   0       
   0       
   0       
   0       
   0       
   0       

QFRC_DAMPER
  -4.2e-06 
  -1.1e-05 
   4.4e-07 
   6.3e-05 
  -5.3e-06 
   3.1e-05 
  -1.1e-05 
   5e-05   
  -3.5e-05 
  -9.3e-06 
  -2.6e-05 
   1.1e-05 
   7.2e-06 
  -0.00013 
   0.00032 
   1.1e-06 
   7.8e-06 
  -9.3e-05 
  -4e-05   

QFRC_GRAVCOMP
   0       
   0       
   0       
   0       
   0       
   0       
   0       
   0       
   0       
   0       
   0       
   0       
   0       
   0       
   0       
   0       
   0       
   0       
   0       

QFRC_FLUID
   0       
   0       
   0       
   0       
   0       
   0       
   0       
   0       
   0       
   0       
   0       
   0       
   0       
   0       
   0       
   0       
   0       
   0       
   0       

QFRC_PASSIVE
  -4.2e-06 
  -1.1e-05 
   4.4e-07 
   6.3e-05 
  -5.3e-06 
   3.1e-05 
  -1.1e-05 
   5e-05   
  -3.5e-05 
  -9.3e-06 
  -2.6e-05 
   1.1e-05 
   7.2e-06 
  -0.00013 
   0.00032 
   1.1e-06 
   7.8e-06 
  -9.3e-05 
  -4e-05   

EFC_VEL
   4.2e-05 
   0.00011 
  -4.4e-06 
  -0.00063 
   5.3e-05 
  -0.00031 
   0.00011 
  -0.0005  
   0.00035 
   9.3e-05 
   0.00026 
  -0.00011 
  -7.2e-05 
   0.0013  
  -0.0032  
  -1.1e-05 
  -7.8e-05 
   0.00093 
   0.0004  
   0.0011  
  -0.0011  
  -8.4e-05 
   8.5e-05 
  -0.0012  
   0.0012  
   0.00026 
  -0.00026 
   4.9e-05 
  -4.8e-05 
   9.2e-05 
  -9.1e-05 
  -2.1e-05 
   2.1e-05 
  -8.9e-05 
   8.8e-05 

EFC_AREF
  -0.0045  
  -0.012   
   0.00046 
   0.067   
  -0.0056  
   0.032   
  -0.012   
   0.052   
  -0.037   
  -0.0098  
  -0.027   
   0.011   
   0.0076  
  -0.14    
   0.34    
   0.0012  
   0.0082  
  -0.097   
  -0.042   
   0.23    
   0.45    
   0.35    
   0.33    
   1.8     
   1.5     
   1.6     
   1.7     
   0.66    
   0.67    
   0.66    
   0.68    
   0.54    
   0.54    
   0.55    
   0.53    

SUBTREE_LINVEL
   0         0         0       
   0         0         0       
   0         0         0       
   0         0         0       
   0         0         0       
   0         0         0       
   0         0         0       
   0         0         0       
   0         0         0       
   0         0         0       
   0         0         0       
   0         0         0       
   0         0         0       
   0         0         0       
   0         0         0       

SUBTREE_ANGMOM
   0         0         0       
   0         0         0       
   0         0         0       
   0         0         0       
   0         0         0       
   0         0         0       
   0         0         0       
   0         0         0       
   0         0         0       
   0         0         0       
   0         0         0       
   0         0         0       
   0         0         0       
   0         0         0       
   0         0         0       

ACTUATOR_FORCE
  -10      
  -2       
   0.34    
  -2.2     
   0.12    
   0.087   
   13      
   2.4     
   0.33    
   11      
   3.7     
   0.59    
   4.3     

QFRC_ACTUATOR
   0       
   0       
   0       
   0       
   0       
   0       
  -10      
  -2       
   0.34    
  -2.2     
   0.12    
   0.087   
   13      
   2.4     
   0.33    
   11      
   3.7     
   0.59    
   4.3     

QFRC_SMOOTH
  -7.2e-06 
  -1.1e-05 
  -2.8e+02 
  -0.12    
  -13      
   3       
   3.4     
  -0.12    
   0.24    
   2       
   0.52    
   0.1     
   25      
   3       
   0.31    
   16      
   4.2     
   0.59    
   4.3     

QACC_SMOOTH
  -0.82    
   1.1     
  -10      
  -1.3     
  -0.66    
   9.6     
  -37      
  -2.2     
   2.3     
   41      
   35      
   9.4     
  -29      
   8.7     
   26      
   98      
   1.9e+02 
   56      
   8.8     

EFC_B
  -0.81    
   1.1     
  -10      
  -1.4     
  -0.66    
   9.6     
  -37      
  -2.2     
   2.3     
   41      
   35      
   9.4     
  -29      
   8.8     
   26      
   98      
   1.9e+02 
   56      
   8.9     
  -6.6     
  -9.4     
  -12      
  -3.7     
  -59      
  -53      
  -67      
  -45      
  -16      
  -12      
  -11      
  -16      
  -11      
  -5.6     
  -6.8     
  -9.8     

EFC_FORCE
  -0.3     
  -0.3     
   0.06    
   0.12    
  -0.01    
   0.058   
  -0.0094  
   0.13    
  -0.0047  
  -0.0032  
  -0.003   
   0.0011  
   0.006   
  -0.3     
   0.043   
   0.00039 
   0.00088 
  -0.0091  
  -0.025   
   0.79    
   1.6     
   1.2     
   1.1     
   9.8     
   8.4     
   9       
   9.3     
   34      
   34      
   33      
   34      
   27      
   27      
   27      
   26      

EFC_STATE
  2
  3
  2
  2
  2
  3
  2
  2
  1
  3
  3
  3
  2
  3
  3
  3
  3
  3
  3
  1
  1
  1
  1
  1
  1
  1
  1
  1
  1
  1
  1
  1
  1
  1
  1

QFRC_CONSTRAINT
  -4.2e-06 
  -0.0005  
   2.8e+02 
   0.12    
   13      
  -3       
  -3.4     
   0.12    
  -0.24    
  -2       
  -0.52    
  -0.1     
  -25      
  -3       
  -0.31    
  -16      
  -4.2     
  -0.59    
  -4.3     

QFRC_INVERSE
   0       
   0       
   0       
   0       
   0       
   0       
   0       
   0       
   0       
   0       
   0       
   0       
   0       
   0       
   0       
   0       
   0       
   0       
   0       

CACC
   0         0         0        -0        -0         9.8     
   8.2e-05  -5.3e-05   0.0003   -1.5e-05  -5.4e-05   9.8     
   8.3e-05  -4.9e-05   0.0003   -1.5e-05  -5.4e-05   9.8     
   3.7e-05  -2.6e-05   0.00021  -7.2e-06  -6.1e-05   9.8     
  -1.5e-05  -1.9e-05   0.00024  -9.2e-06  -5.7e-05   9.8     
  -1.4e-05  -1.3e-05   0.00024  -9.9e-06  -5.7e-05   9.8     
   2.2e-05   0.00019   0.00025  -3.6e-05  -4.2e-05   9.8     
  -0.00011   0.00022   0.00011  -4.5e-05  -0.00017   9.8     
   9.8e-05  -1.1e-05   0.0003   -1.4e-05  -5.4e-05   9.8     
  -0.00016   0.00011  -7.9e-05  -6.3e-05  -5.3e-05   9.8     
   0.00075  -0.00022  -0.0008   -0.00017  -7.5e-05   9.8     
   0.00075  -0.00023  -0.00081  -0.00017  -7.6e-05   9.8     
   0.00068  -0.0004   -0.00081  -0.00014  -8.7e-05   9.8     
   0.00064  -0.00038  -0.00089  -0.00018  -0.00014   9.8     
  -6.6e-06  -1.9e-05   0.00031  -1.3e-05  -5.1e-05   9.8     

CFRC_INT
   0.064    -0.01      0.13     -0.3      -0.3       0.06    
   0.064    -0.01      0.13     -0.3      -0.3       0.06    
  -2.3       14       -0.61      0.061     0.76      50      
  -2.2       14       -0.61      0.061     0.76      48      
  -1.2       12       -0.61      0.061     0.76      34      
   0.0047    6.5      -0.61      0.061     0.76      12      
   0.1       2.6      -0.61      0.061     0.76      4       
  -0.063    -1.6      -0.61      0.061     0.76     -1.8     
  -0.87     -12        1        -0.31     -1.4       18      
  -1        -12        1        -0.31     -1.4       16      
  -3        -13        1        -0.31     -1.4       2.8     
  -7.3      -16        1        -0.31     -1.4      -20      
  -9.4      -19        1        -0.31     -1.4      -28      
  -11       -22        1        -0.31     -1.4      -34      
   2.6      -2.5      -0.27     -0.055     0.3      -94      

CFRC_EXT
   0         0         0         0         0         0       
   0         0         0         0         0         0       
   0         0         0         0         0         0       
   0         0         0         0         0         0       
   0         0         0         0         0         0       
   0         0         0         0         0         0       
   0         0         0         0         0         0       
   0.12      3.8       0.61     -0.061    -0.76      4.7     
   0         0         0         0         0         0       
   0         0         0         0         0         0       
   0         0         0         0         0         0       
   0         0         0         0         0         0       
   0         0         0         0         0         0       
   12        24       -1         0.31      1.4       36      
  -13       -28        0.27      0.055    -0.3       2.4e+02 

TREE_ISLAND
  0

ISLAND_NTREE
  1

ISLAND_ITREEADR
  0

MAP_ITREE2TREE
  0

DOF_ISLAND            0 0 0 0 0 0 0 0 0 0 0 0 0 0 0 0 0 0 0

ISLAND_NV             19

ISLAND_IDOFADR        0

MAP_IDOF2DOF          0 1 2 3 4 5 6 7 8 9 10 11 12 13 14 15 16 17 18

EFC_ISLAND            0 0 0 0 0 0 0 0 0 0 0 0 0 0 0 0 0 0 0 0 0 0 0 0 0 0 0 0 0 0 0 0 0 0 0

ISLAND_NEFC           35

ISLAND_IEFCADR        0

MAP_IEFC2EFC          0 1 2 3 4 5 6 7 8 9 10 11 12 13 14 15 16 17 18 19 20 21 22 23 24 25 26 27 28 29 30 31 32 33 34

